0
D
25
5
7
15
5
-23
5
7
15
5
25

1
A
25
5
7
15
5
25
5
7
15
5
25

1
A
25
5
9
7
5
25
5
9
7
5
25

1
A
25
5
9
7
5
25
5
9
7
5
25

1
A
33
10
12
7
5
33
5
12
7
5
50

1
A
40
15
15
10
5
40
15
15
10
5
55

1
A
30
10
11
6
5
30
10
11
6
5
20

1
A
32
10
12
9
5
32
10
12
9
5
23

1
A
28
13
14
9
5
28
13
14
9
5
25

3
A
30
7
12
15
5
30
7
12
15
5
20

3
A
30
7
12
15
5
30
7
12
15
5
20

3
A
30
7
12
15
5
30
7
12
15
5
20

2
A
30
7
12
15
5
30
7
12
15
5
20

2
A
30
7
12
15
5
30
7
12
15
5
20

2
A
30
7
12
15
5
30
7
12
15
5
20

2
A
30
7
12
15
5
30
7
12
15
5
20

1
A
37
10
16
11
5
37
10
16
11
5
25

3
A
37
10
16
11
5
37
10
16
11
5
25

3
A
30
7
12
15
5
30
7
12
15
5
20

3
A
30
7
12
15
5
30
7
12
15
5
20

1
A
37
10
16
11
5
37
10
16
11
5
25

1
A
37
10
16
11
5
37
10
16
11
5
25

1
A
37
10
16
11
5
37
10
16
11
5
25

1
A
37
10
16
11
5
37
10
16
11
5
25

1
A
46
18
19
15
5
46
18
19
15
5
50

1
A
52
25
23
18
5
52
25
23
18
5
55

2
A
44
16
17
10
5
44
16
17
10
5
27

2
A
44
16
17
10
5
44
16
17
10
5
27

1
A
44
16
17
10
5
44
16
17
10
5
27

2
A
40
12
19
16
5
40
12
19
16
5
27

2
A
44
16
17
10
5
44
16
17
10
5
27

1
A
46
18
15
19
5
46
18
15
19
5
30

2
A
40
12
19
16
5
40
12
19
16
5
25

2
A
40
12
19
16
5
40
12
19
16
5
25

1
A
44
16
17
10
5
44
16
17
10
5
27

1
A
44
16
17
10
5
44
16
17
10
5
27

1
A
46
18
15
19
5
46
18
15
19
5
30

1
A
52
23
20
20
5
52
23
20
20
5
50

1
A
58
27
26
25
5
58
27
26
25
5
55

1
A
55
24
23
22
5
55
24
23
22
5
50

1
A
63
29
27
26
5
63
29
27
26
5
55

1
A
53
20
22
18
5
53
20
22
18
5
29

1
A
53
20
26
15
5
53
20
26
15
5
28

2
A
65
27
29
25
5
65
27
29
25
5
50

2
A
65
27
32
22
5
65
27
32
22
5
50

2
A
53
20
22
18
5
53
20
22
18
5
29

2
A
53
20
22
18
5
53
20
22
18
5
29

1
A
53
20
26
15
5
53
20
26
15
5
28

1
A
65
27
29
25
5
65
27
29
25
5
50

2
A
53
20
22
18
5
53
20
22
18
5
29

2
A
53
20
26
15
5
53
20
26
15
5
29

1
A
65
27
32
22
5
65
27
32
22
5
50

1
A
73
34
38
32
5
73
34
38
32
5
50

1
A
79
40
42
35
5
79
40
42
35
5
75

1
A
87
44
45
39
5
87
44
45
39
5
100

1
A
92
47
50
45
5
92
47
50
45
5
100

